0 0.6394230769230769 0.2932692307692308 0.3329326923076923 0.14182692307692307
0 0.921875 0.35336538461538464 0.15264423076923078 0.12980769230769232
0 0.23197115384615385 0.3641826923076923 0.4639423076923077 0.1971153846153846
0 0.7932692307692307 0.41466346153846156 0.21875 0.12860576923076922
0 0.921875 0.4230769230769231 0.15264423076923078 0.109375
0 0.5829326923076923 0.4879807692307692 0.3269230769230769 0.171875
0 0.25240384615384615 0.4987980769230769 0.4411057692307692 0.13822115384615385
0 0.7908653846153846 0.5625 0.41586538461538464 0.13581730769230768
0 0.13822115384615385 0.6129807692307693 0.2764423076923077 0.10697115384615384
0 0.5504807692307693 0.6947115384615384 0.43990384615384615 0.2127403846153846
0 0.171875 0.7415865384615384 0.3425480769230769 0.234375