0 0.4723557692307692 0.3449519230769231 0.5216346153846154 0.21033653846153846
0 0.8064903846153846 0.3473557692307692 0.18629807692307693 0.1658653846153846
0 0.8533653846153846 0.5048076923076923 0.28846153846153844 0.1201923076923077
0 0.8641826923076923 0.6213942307692307 0.2668269230769231 0.12259615384615384
0 0.6670673076923077 0.6574519230769231 0.21995192307692307 0.14543269230769232
0 0.41586538461538464 0.6923076923076923 0.24519230769230768 0.10817307692307693
0 0.5841346153846154 0.7463942307692307 0.23557692307692307 0.14903846153846154
0 0.9026442307692307 0.7475961538461539 0.18990384615384615 0.1778846153846154
0 0.28725961538461536 0.7487980769230769 0.2283653846153846 0.13822115384615385
0 0.4579326923076923 0.7908653846153846 0.14903846153846154 0.12740384615384615
0 0.27524038461538464 0.8365384615384616 0.14423076923076922 0.1658653846153846
0 0.6598557692307693 0.8389423076923077 0.2800480769230769 0.12620192307692307
0 0.19951923076923078 0.8413461538461539 0.1935096153846154 0.19591346153846154