0 0.17307692307692307 0.33533653846153844 0.11057692307692307 0.10576923076923077
0 0.17548076923076922 0.4110576923076923 0.10096153846153846 0.057692307692307696
0 0.234375 0.49399038461538464 0.1935096153846154 0.10576923076923077
0 0.2608173076923077 0.5721153846153846 0.19591346153846154 0.12259615384615384
0 0.3016826923076923 0.6262019230769231 0.21153846153846154 0.10817307692307693
0 0.30649038461538464 0.6862980769230769 0.19951923076923078 0.1502403846153846
0 0.3557692307692308 0.7451923076923077 0.18269230769230768 0.1141826923076923
0 0.41346153846153844 0.7848557692307693 0.15384615384615385 0.140625
0 0.46153846153846156 0.8305288461538461 0.10216346153846154 0.17668269230769232
0 0.6201923076923077 0.8545673076923077 0.12620192307692307 0.15264423076923078
0 0.5300480769230769 0.8605769230769231 0.10697115384615384 0.17067307692307693