0 0.8028846153846154 0.4182692307692308 0.15384615384615385 0.07451923076923077
0 0.3389423076923077 0.45552884615384615 0.16706730769230768 0.08413461538461539
0 0.9194711538461539 0.46153846153846156 0.15625 0.11057692307692307
0 0.6225961538461539 0.4891826923076923 0.13581730769230768 0.10576923076923077
0 0.4206730769230769 0.5240384615384616 0.2403846153846154 0.14302884615384615
0 0.17908653846153846 0.5240384615384616 0.14302884615384615 0.16346153846153846
0 0.7932692307692307 0.5288461538461539 0.12139423076923077 0.13221153846153846
0 0.9471153846153846 0.5300480769230769 0.1045673076923077 0.09014423076923077
0 0.6983173076923077 0.5408653846153846 0.11778846153846154 0.12860576923076922
0 0.5721153846153846 0.6117788461538461 0.23677884615384615 0.16466346153846154
0 0.3004807692307692 0.6526442307692307 0.2091346153846154 0.21033653846153846
0 0.8173076923076923 0.6538461538461539 0.18028846153846154 0.1778846153846154