0 0.6454326923076923 0.1875 0.171875 0.0673076923076923
0 0.5060096153846154 0.20673076923076922 0.09134615384615384 0.08413461538461539
0 0.5925480769230769 0.23798076923076922 0.21394230769230768 0.078125
0 0.7415865384615384 0.2776442307692308 0.17067307692307693 0.10216346153846154
0 0.5504807692307693 0.3137019230769231 0.11538461538461539 0.09735576923076923
0 0.12139423076923077 0.5540865384615384 0.23918269230769232 0.16706730769230768
0 0.265625 0.6514423076923077 0.390625 0.27283653846153844
0 0.8125 0.6550480769230769 0.27403846153846156 0.20793269230769232
0 0.7536057692307693 0.7247596153846154 0.27884615384615385 0.22716346153846154
0 0.3858173076923077 0.75 0.27524038461538464 0.16466346153846154
0 0.5528846153846154 0.7896634615384616 0.2920673076923077 0.15384615384615385