0 0.41225961538461536 0.17908653846153846 0.33653846153846156 0.10336538461538461
0 0.6959134615384616 0.234375 0.3173076923076923 0.057692307692307696
0 0.41346153846153844 0.2704326923076923 0.29086538461538464 0.09254807692307693
0 0.6983173076923077 0.2932692307692308 0.3125 0.0625
0 0.32572115384615385 0.35336538461538464 0.3112980769230769 0.12740384615384615
0 0.7151442307692307 0.35697115384615385 0.20192307692307693 0.04326923076923077
0 0.6418269230769231 0.4050480769230769 0.24759615384615385 0.0625
0 0.3329326923076923 0.4326923076923077 0.2536057692307692 0.10096153846153846
0 0.6346153846153846 0.45913461538461536 0.18389423076923078 0.06971153846153846
0 0.40384615384615385 0.49278846153846156 0.35336538461538464 0.09735576923076923
0 0.6634615384615384 0.5336538461538461 0.14783653846153846 0.10096153846153846
0 0.45072115384615385 0.5420673076923077 0.38100961538461536 0.09615384615384616
0 0.6911057692307693 0.6334134615384616 0.1971153846153846 0.0673076923076923
0 0.43149038461538464 0.6790865384615384 0.4423076923076923 0.09615384615384616
0 0.3389423076923077 0.7391826923076923 0.43509615384615385 0.10336538461538461
0 0.35697115384615385 0.11298076923076923 0.31971153846153844 0.08653846153846154