0 0.4423076923076923 0.2932692307692308 0.21153846153846154 0.140625
0 0.859375 0.34375 0.12139423076923077 0.11538461538461539
0 0.6322115384615384 0.3473557692307692 0.2668269230769231 0.22956730769230768
0 0.17908653846153846 0.3870192307692308 0.19831730769230768 0.14423076923076922
0 0.28725961538461536 0.44711538461538464 0.19110576923076922 0.13822115384615385
0 0.07572115384615384 0.5024038461538461 0.14903846153846154 0.15865384615384615
0 0.5829326923076923 0.5372596153846154 0.21634615384615385 0.17548076923076922
0 0.3786057692307692 0.5637019230769231 0.23197115384615385 0.13942307692307693
0 0.7259615384615384 0.6875 0.2620192307692308 0.24759615384615385
0 0.23197115384615385 0.6887019230769231 0.203125 0.16706730769230768
0 0.9158653846153846 0.7271634615384616 0.16346153846153846 0.20432692307692307