0 0.3473557692307692 0.23557692307692307 0.22115384615384615 0.17908653846153846
0 0.1971153846153846 0.30288461538461536 0.09254807692307693 0.265625
0 0.5865384615384616 0.35096153846153844 0.13701923076923078 0.2127403846153846
0 0.11298076923076923 0.4951923076923077 0.17668269230769232 0.203125
0 0.7668269230769231 0.5072115384615384 0.15745192307692307 0.18028846153846154
0 0.5096153846153846 0.5180288461538461 0.16105769230769232 0.25
0 0.65625 0.5697115384615384 0.18629807692307693 0.2608173076923077
0 0.39302884615384615 0.6466346153846154 0.15865384615384615 0.29927884615384615
0 0.20192307692307693 0.6502403846153846 0.18028846153846154 0.27884615384615385
0 0.34975961538461536 0.06971153846153846 0.171875 0.13942307692307693
0 0.6081730769230769 0.7524038461538461 0.17067307692307693 0.16346153846153846
0 0.16346153846153846 0.7872596153846154 0.15625 0.20673076923076922
0 0.6286057692307693 0.9158653846153846 0.19230769230769232 0.16346153846153846
0 0.44711538461538464 0.9170673076923077 0.2127403846153846 0.16105769230769232
0 0.7836538461538461 0.9423076923076923 0.11057692307692307 0.1141826923076923
0 0.20072115384615385 0.11298076923076923 0.15144230769230768 0.22596153846153846
0 0.3485576923076923 0.14423076923076922 0.20552884615384615 0.1658653846153846
0 0.5276442307692307 0.15384615384615385 0.15384615384615385 0.1935096153846154