0 0.25240384615384615 0.21995192307692307 0.20432692307692307 0.14182692307692307
0 0.6658653846153846 0.22956730769230768 0.19951923076923078 0.09495192307692307
0 0.41466346153846156 0.2620192307692308 0.17668269230769232 0.19110576923076922
0 0.8329326923076923 0.3088942307692308 0.17908653846153846 0.16826923076923078
0 0.6634615384615384 0.34134615384615385 0.2704326923076923 0.18389423076923078
0 0.25 0.3545673076923077 0.15985576923076922 0.1971153846153846
0 0.9254807692307693 0.4675480769230769 0.14423076923076922 0.18990384615384615
0 0.31490384615384615 0.484375 0.24278846153846154 0.24519230769230768
0 0.48197115384615385 0.4891826923076923 0.3125 0.2668269230769231
0 0.7824519230769231 0.5024038461538461 0.15504807692307693 0.22355769230769232
0 0.8701923076923077 0.6694711538461539 0.25841346153846156 0.25721153846153844
0 0.7115384615384616 0.6730769230769231 0.28125 0.24278846153846154
0 0.1346153846153846 0.7091346153846154 0.23076923076923078 0.36778846153846156
0 0.34375 0.7548076923076923 0.19110576923076922 0.3473557692307692
0 0.5649038461538461 0.7728365384615384 0.25721153846153844 0.25841346153846156
0 0.5528846153846154 0.0889423076923077 0.21033653846153846 0.08533653846153846
0 0.4387019230769231 0.13341346153846154 0.13942307692307693 0.07572115384615384
0 0.7271634615384616 0.15264423076923078 0.234375 0.10697115384615384