0 0.6213942307692307 0.24879807692307693 0.11538461538461539 0.10697115384615384
0 0.765625 0.25240384615384615 0.13942307692307693 0.10336538461538461
0 0.4723557692307692 0.26802884615384615 0.19230769230769232 0.09254807692307693
0 0.20072115384615385 0.3293269230769231 0.30528846153846156 0.09014423076923077
0 0.9254807692307693 0.3581730769230769 0.14423076923076922 0.11057692307692307
0 0.2920673076923077 0.42908653846153844 0.23317307692307693 0.13942307692307693
0 0.1045673076923077 0.4639423076923077 0.171875 0.13581730769230768
0 0.6634615384615384 0.5372596153846154 0.12860576923076922 0.20192307692307693
0 0.4182692307692308 0.5649038461538461 0.14182692307692307 0.15144230769230768
0 0.8557692307692307 0.6959134615384616 0.19110576923076922 0.2536057692307692
0 0.5264423076923077 0.7355769230769231 0.3737980769230769 0.1466346153846154