0 0.07211538461538461 0.21754807692307693 0.14423076923076922 0.10817307692307693
0 0.5228365384615384 0.24759615384615385 0.17668269230769232 0.15625
0 0.29447115384615385 0.27524038461538464 0.1502403846153846 0.15745192307692307
0 0.7451923076923077 0.3425480769230769 0.2980769230769231 0.27884615384615385
0 0.40625 0.34375 0.17908653846153846 0.23197115384615385
0 0.5889423076923077 0.4266826923076923 0.2644230769230769 0.1935096153846154
0 0.2548076923076923 0.49158653846153844 0.1658653846153846 0.2704326923076923
0 0.5336538461538461 0.6334134615384616 0.24759615384615385 0.2776442307692308
0 0.24759615384615385 0.7283653846153846 0.23076923076923078 0.18028846153846154
0 0.4495192307692308 0.7908653846153846 0.203125 0.34975961538461536
0 0.4014423076923077 0.17307692307692307 0.17427884615384615 0.171875