0 0.5877403846153846 0.17908653846153846 0.33653846153846156 0.10336538461538461
0 0.30408653846153844 0.234375 0.3173076923076923 0.057692307692307696
0 0.5865384615384616 0.2704326923076923 0.29086538461538464 0.09254807692307693
0 0.3016826923076923 0.2932692307692308 0.3125 0.0625
0 0.6742788461538461 0.35336538461538464 0.3112980769230769 0.12740384615384615
0 0.2848557692307692 0.35697115384615385 0.20192307692307693 0.04326923076923077
0 0.3581730769230769 0.4050480769230769 0.24759615384615385 0.0625
0 0.6670673076923077 0.4326923076923077 0.2536057692307692 0.10096153846153846
0 0.36538461538461536 0.45913461538461536 0.18389423076923078 0.06971153846153846
0 0.5961538461538461 0.49278846153846156 0.35336538461538464 0.09735576923076923
0 0.33653846153846156 0.5336538461538461 0.14783653846153846 0.10096153846153846
0 0.5492788461538461 0.5420673076923077 0.38100961538461536 0.09615384615384616
0 0.3088942307692308 0.6334134615384616 0.1971153846153846 0.0673076923076923
0 0.5685096153846154 0.6790865384615384 0.4423076923076923 0.09615384615384616
0 0.6610576923076923 0.7391826923076923 0.43509615384615385 0.10336538461538461
0 0.6430288461538461 0.11298076923076923 0.31971153846153844 0.08653846153846154