0 0.47836538461538464 0.3629807692307692 0.15384615384615385 0.09254807692307693
0 0.35697115384615385 0.37740384615384615 0.09615384615384616 0.13341346153846154
0 0.6129807692307693 0.3894230769230769 0.12139423076923077 0.109375
0 0.6658653846153846 0.43509615384615385 0.17427884615384615 0.1346153846153846
0 0.4651442307692308 0.4543269230769231 0.16826923076923078 0.12139423076923077
0 0.7524038461538461 0.5012019230769231 0.1201923076923077 0.11057692307692307
0 0.3016826923076923 0.5192307692307693 0.10216346153846154 0.17067307692307693
0 0.5877403846153846 0.53125 0.14302884615384615 0.12379807692307693
0 0.6887019230769231 0.5456730769230769 0.12620192307692307 0.12740384615384615
0 0.4483173076923077 0.5649038461538461 0.16706730769230768 0.1141826923076923
0 0.6538461538461539 0.609375 0.1346153846153846 0.09735576923076923
0 0.5 0.6490384615384616 0.18269230769230768 0.09735576923076923