0 0.4338942307692308 0.30288461538461536 0.14182692307692307 0.10096153846153846
0 0.7632211538461539 0.33413461538461536 0.12620192307692307 0.109375
0 0.5709134615384616 0.36538461538461536 0.11778846153846154 0.11658653846153846
0 0.375 0.36899038461538464 0.13221153846153846 0.109375
0 0.2668269230769231 0.38100961538461536 0.12259615384615384 0.11177884615384616
0 0.47716346153846156 0.4230769230769231 0.11658653846153846 0.12860576923076922
0 0.7283653846153846 0.43990384615384615 0.12860576923076922 0.12620192307692307
0 0.6153846153846154 0.46033653846153844 0.1310096153846154 0.11538461538461539
0 0.7620192307692307 0.5360576923076923 0.15504807692307693 0.09975961538461539
0 0.24639423076923078 0.6177884615384616 0.14302884615384615 0.10697115384615384
0 0.38341346153846156 0.6514423076923077 0.17908653846153846 0.12620192307692307
0 0.7379807692307693 0.6526442307692307 0.1346153846153846 0.15264423076923078