0 0.40865384615384615 0.36538461538461536 0.09014423076923077 0.052884615384615384
0 0.71875 0.40625 0.09134615384615384 0.07091346153846154
0 0.3762019230769231 0.42427884615384615 0.17067307692307693 0.08533653846153846
0 0.23197115384615385 0.4675480769230769 0.09375 0.08533653846153846
0 0.7487980769230769 0.4831730769230769 0.08774038461538461 0.07932692307692307
0 0.3545673076923077 0.5036057692307693 0.22235576923076922 0.06610576923076923
0 0.5420673076923077 0.5072115384615384 0.11899038461538461 0.06971153846153846
0 0.6081730769230769 0.5204326923076923 0.10096153846153846 0.0985576923076923
0 0.39903846153846156 0.5612980769230769 0.12980769230769232 0.05889423076923077
0 0.31850961538461536 0.578125 0.11899038461538461 0.0625
0 0.5120192307692307 0.5925480769230769 0.13942307692307693 0.07932692307692307
0 0.17548076923076922 0.6081730769230769 0.11778846153846154 0.078125