0 0.4807692307692308 0.39783653846153844 0.17067307692307693 0.08653846153846154
0 0.6189903846153846 0.45913461538461536 0.19110576923076922 0.06850961538461539
0 0.4795673076923077 0.4987980769230769 0.15985576923076922 0.08173076923076923
0 0.28966346153846156 0.5096153846153846 0.18389423076923078 0.08413461538461539
0 0.6189903846153846 0.5384615384615384 0.1658653846153846 0.09495192307692307
0 0.3762019230769231 0.5709134615384616 0.11899038461538461 0.06490384615384616
0 0.5841346153846154 0.5793269230769231 0.18028846153846154 0.078125
0 0.5120192307692307 0.6141826923076923 0.14903846153846154 0.13221153846153846
0 0.7764423076923077 0.6394230769230769 0.09495192307692307 0.06370192307692307
0 0.5276442307692307 0.6610576923076923 0.12379807692307693 0.07932692307692307
0 0.5793269230769231 0.75 0.10096153846153846 0.08413461538461539