0 0.23557692307692307 0.49038461538461536 0.16826923076923078 0.13942307692307693
0 0.6899038461538461 0.5264423076923077 0.140625 0.12139423076923077
0 0.5060096153846154 0.5276442307692307 0.13942307692307693 0.16826923076923078
0 0.2704326923076923 0.5576923076923077 0.13221153846153846 0.1141826923076923
0 0.5721153846153846 0.6021634615384616 0.13341346153846154 0.1141826923076923
0 0.7716346153846154 0.6105769230769231 0.13701923076923078 0.11658653846153846
0 0.3401442307692308 0.6274038461538461 0.13581730769230768 0.10096153846153846
0 0.6213942307692307 0.6502403846153846 0.12259615384615384 0.1141826923076923
0 0.8786057692307693 0.6754807692307693 0.140625 0.11057692307692307
0 0.4254807692307692 0.7007211538461539 0.140625 0.10697115384615384
0 0.6838942307692307 0.7211538461538461 0.12860576923076922 0.10216346153846154
0 0.5144230769230769 0.7848557692307693 0.13942307692307693 0.11057692307692307
0 0.5637019230769231 0.8689903846153846 0.14543269230769232 0.0985576923076923
0 0.3918269230769231 0.2800480769230769 0.11658653846153846 0.109375
0 0.43990384615384615 0.3173076923076923 0.1045673076923077 0.09014423076923077
0 0.25600961538461536 0.328125 0.11658653846153846 0.06971153846153846
0 0.140625 0.3545673076923077 0.13822115384615385 0.08413461538461539
0 0.5036057692307693 0.3581730769230769 0.08173076923076923 0.11658653846153846
0 0.30288461538461536 0.38461538461538464 0.11778846153846154 0.10336538461538461
0 0.5685096153846154 0.3918269230769231 0.11177884615384616 0.11778846153846154
0 0.1622596153846154 0.4254807692307692 0.11298076923076923 0.11658653846153846
0 0.6009615384615384 0.44471153846153844 0.12620192307692307 0.14903846153846154
0 0.41346153846153844 0.45552884615384615 0.14783653846153846 0.17668269230769232