0 0.6334134615384616 0.21153846153846154 0.140625 0.16105769230769232
0 0.40384615384615385 0.22115384615384615 0.17427884615384615 0.10817307692307693
0 0.49158653846153844 0.3233173076923077 0.19831730769230768 0.13822115384615385
0 0.30649038461538464 0.43149038461538464 0.19110576923076922 0.20192307692307693
0 0.7475961538461539 0.45913461538461536 0.14423076923076922 0.24519230769230768
0 0.5132211538461539 0.4795673076923077 0.35336538461538464 0.2548076923076923
0 0.24158653846153846 0.6153846153846154 0.15504807692307693 0.2704326923076923
0 0.3245192307692308 0.6766826923076923 0.1502403846153846 0.28125
0 0.6346153846153846 0.6814903846153846 0.33052884615384615 0.2548076923076923
0 0.5889423076923077 0.7223557692307693 0.25600961538461536 0.14543269230769232
0 0.3858173076923077 0.7247596153846154 0.11899038461538461 0.2283653846153846
0 0.5060096153846154 0.17067307692307693 0.1346153846153846 0.13221153846153846