0 0.13581730769230768 0.27163461538461536 0.12139423076923077 0.1310096153846154
0 0.30288461538461536 0.29927884615384615 0.0985576923076923 0.20793269230769232
0 0.140625 0.37740384615384615 0.13341346153846154 0.17307692307692307
0 0.052884615384615384 0.3894230769230769 0.10096153846153846 0.18269230769230768
0 0.44591346153846156 0.4026442307692308 0.12860576923076922 0.15144230769230768
0 0.171875 0.5396634615384616 0.1141826923076923 0.23677884615384615
0 0.28725961538461536 0.5973557692307693 0.12259615384615384 0.203125
0 0.11298076923076923 0.0985576923076923 0.1310096153846154 0.1310096153846154
0 0.40865384615384615 0.15144230769230768 0.11778846153846154 0.19951923076923078
0 0.2439903846153846 0.16706730769230768 0.12139423076923077 0.23317307692307693
0 0.46033653846153844 0.21514423076923078 0.14903846153846154 0.13701923076923078