0 0.4987980769230769 0.48197115384615385 0.3161057692307692 0.11298076923076923
0 0.28846153846153844 0.4831730769230769 0.10336538461538461 0.05889423076923077
0 0.9014423076923077 0.5192307692307693 0.19591346153846154 0.1778846153846154
0 0.08173076923076923 0.5228365384615384 0.16346153846153846 0.12620192307692307
0 0.19951923076923078 0.53125 0.11298076923076923 0.12379807692307693
0 0.3942307692307692 0.5420673076923077 0.22596153846153846 0.07572115384615384
0 0.8557692307692307 0.5612980769230769 0.28365384615384615 0.16105769230769232
0 0.7427884615384616 0.5649038461538461 0.31009615384615385 0.16466346153846154
0 0.546875 0.5913461538461539 0.12860576923076922 0.0985576923076923
0 0.09014423076923077 0.625 0.16105769230769232 0.08774038461538461
0 0.7427884615384616 0.6358173076923077 0.2860576923076923 0.13341346153846154
0 0.20793269230769232 0.6382211538461539 0.1201923076923077 0.13221153846153846
0 0.4230769230769231 0.6442307692307693 0.12139423076923077 0.13942307692307693
0 0.30408653846153844 0.6454326923076923 0.1141826923076923 0.20552884615384615
0 0.625 0.6838942307692307 0.36538461538461536 0.0889423076923077
0 0.4483173076923077 0.7403846153846154 0.234375 0.056490384615384616
0 0.33533653846153844 0.26802884615384615 0.20432692307692307 0.12980769230769232
0 0.5865384615384616 0.2776442307692308 0.15384615384615385 0.19591346153846154
0 0.14543269230769232 0.2800480769230769 0.28846153846153844 0.1502403846153846
0 0.7055288461538461 0.28725961538461536 0.1814903846153846 0.18028846153846154
0 0.44591346153846156 0.296875 0.18509615384615385 0.0985576923076923
0 0.7572115384615384 0.34975961538461536 0.32211538461538464 0.17668269230769232
0 0.30649038461538464 0.37740384615384615 0.11538461538461539 0.078125
0 0.16466346153846154 0.37740384615384615 0.18990384615384615 0.06610576923076923
0 0.4014423076923077 0.4026442307692308 0.140625 0.12379807692307693
0 0.7740384615384616 0.40625 0.2668269230769231 0.13942307692307693
0 0.9254807692307693 0.40865384615384615 0.14783653846153846 0.21634615384615385
0 0.5252403846153846 0.4110576923076923 0.1658653846153846 0.09495192307692307
0 0.06009615384615385 0.4362980769230769 0.1201923076923077 0.07932692307692307
0 0.22235576923076922 0.4362980769230769 0.2848557692307692 0.04807692307692308