0 0.40024038461538464 0.32572115384615385 0.0889423076923077 0.15504807692307693
0 0.4963942307692308 0.33413461538461536 0.11298076923076923 0.24519230769230768
0 0.6165865384615384 0.41466346153846156 0.16466346153846154 0.20793269230769232
0 0.4423076923076923 0.5108173076923077 0.13581730769230768 0.18990384615384615
0 0.6430288461538461 0.6069711538461539 0.12259615384615384 0.1622596153846154
0 0.5360576923076923 0.6069711538461539 0.09975961538461539 0.3137019230769231
0 0.3485576923076923 0.7211538461538461 0.13221153846153846 0.28125
0 0.44591346153846156 0.7247596153846154 0.12259615384615384 0.24879807692307693
0 0.6430288461538461 0.7439903846153846 0.10697115384615384 0.15504807692307693
0 0.7524038461538461 0.8112980769230769 0.14182692307692307 0.19831730769230768
0 0.546875 0.8461538461538461 0.109375 0.13822115384615385
0 0.6466346153846154 0.90625 0.12620192307692307 0.17427884615384615