0 0.3605769230769231 0.2932692307692308 0.3329326923076923 0.14182692307692307
0 0.078125 0.35336538461538464 0.15264423076923078 0.12980769230769232
0 0.7668269230769231 0.3641826923076923 0.46153846153846156 0.19951923076923078
0 0.20673076923076922 0.41466346153846156 0.21875 0.12860576923076922
0 0.078125 0.4230769230769231 0.15264423076923078 0.109375
0 0.4170673076923077 0.4879807692307692 0.3269230769230769 0.171875
0 0.7475961538461539 0.4987980769230769 0.4411057692307692 0.13822115384615385
0 0.2091346153846154 0.5625 0.41586538461538464 0.13581730769230768
0 0.8605769230769231 0.6129807692307693 0.27403846153846156 0.11057692307692307
0 0.4495192307692308 0.6947115384615384 0.43990384615384615 0.2127403846153846
0 0.828125 0.7415865384615384 0.3425480769230769 0.234375