0 0.35336538461538464 0.23317307692307693 0.0673076923076923 0.14182692307692307
0 0.23798076923076922 0.25961538461538464 0.1502403846153846 0.11298076923076923
0 0.23197115384615385 0.38221153846153844 0.15985576923076922 0.15865384615384615
0 0.36658653846153844 0.453125 0.1141826923076923 0.13942307692307693
0 0.27403846153846156 0.4723557692307692 0.1045673076923077 0.21754807692307693
0 0.4579326923076923 0.5528846153846154 0.1971153846153846 0.13942307692307693
0 0.7331730769230769 0.6382211538461539 0.15504807692307693 0.11298076923076923
0 0.3870192307692308 0.6466346153846154 0.19471153846153846 0.19471153846153846
0 0.9242788461538461 0.6538461538461539 0.0829326923076923 0.11538461538461539
0 0.5769230769230769 0.6574519230769231 0.203125 0.2403846153846154
0 0.6959134615384616 0.7163461538461539 0.1875 0.11899038461538461
0 0.8293269230769231 0.7331730769230769 0.13942307692307693 0.18028846153846154
0 0.38461538461538464 0.1346153846153846 0.23798076923076922 0.10576923076923077
0 0.2848557692307692 0.17067307692307693 0.109375 0.19110576923076922