0 0.8641826923076923 0.27163461538461536 0.12139423076923077 0.1310096153846154
0 0.6971153846153846 0.29927884615384615 0.0985576923076923 0.20793269230769232
0 0.859375 0.37740384615384615 0.13341346153846154 0.17307692307692307
0 0.9471153846153846 0.3894230769230769 0.10096153846153846 0.18269230769230768
0 0.5540865384615384 0.4026442307692308 0.12860576923076922 0.15144230769230768
0 0.828125 0.5396634615384616 0.1141826923076923 0.23677884615384615
0 0.7127403846153846 0.5973557692307693 0.12259615384615384 0.203125
0 0.8870192307692307 0.0985576923076923 0.1310096153846154 0.1310096153846154
0 0.5913461538461539 0.15144230769230768 0.11778846153846154 0.19951923076923078
0 0.7560096153846154 0.16706730769230768 0.12139423076923077 0.23317307692307693
0 0.5396634615384616 0.21514423076923078 0.14903846153846154 0.13701923076923078