0 0.3918269230769231 0.24158653846153846 0.11899038461538461 0.07091346153846154
0 0.5384615384615384 0.25 0.12139423076923077 0.08052884615384616
0 0.6502403846153846 0.2800480769230769 0.1310096153846154 0.0985576923076923
0 0.20673076923076922 0.28125 0.10697115384615384 0.09615384615384616
0 0.3112980769230769 0.28125 0.12259615384615384 0.09975961538461539
0 0.7475961538461539 0.3473557692307692 0.17548076923076922 0.125
0 0.08653846153846154 0.39302884615384615 0.13942307692307693 0.13341346153846154
0 0.8737980769230769 0.4014423076923077 0.24759615384615385 0.08413461538461539
0 0.8713942307692307 0.5012019230769231 0.20432692307692307 0.09014423076923077
0 0.10817307692307693 0.5048076923076923 0.1466346153846154 0.14302884615384615
0 0.2776442307692308 0.6057692307692307 0.15144230769230768 0.15865384615384615
0 0.1466346153846154 0.6069711538461539 0.109375 0.15625
0 0.7463942307692307 0.6237980769230769 0.21634615384615385 0.1935096153846154
0 0.43028846153846156 0.6838942307692307 0.12740384615384615 0.21995192307692307
0 0.5144230769230769 0.7211538461538461 0.11538461538461539 0.21875
0 0.25600961538461536 0.7451923076923077 0.14783653846153846 0.15865384615384615
0 0.6201923076923077 0.7836538461538461 0.12980769230769232 0.09735576923076923
0 0.7271634615384616 0.7932692307692307 0.14543269230769232 0.13221153846153846