0 0.421875 0.27884615384615385 0.13701923076923078 0.2956730769230769
0 0.703125 0.3112980769230769 0.0829326923076923 0.19831730769230768
0 0.546875 0.3425480769230769 0.09975961538461539 0.2860576923076923
0 0.2091346153846154 0.35336538461538464 0.07211538461538461 0.25721153846153844
0 0.5913461538461539 0.3762019230769231 0.15144230769230768 0.2764423076923077
0 0.2920673076923077 0.37740384615384615 0.12860576923076922 0.22956730769230768
0 0.7536057692307693 0.5420673076923077 0.11538461538461539 0.27884615384615385
0 0.20673076923076922 0.5685096153846154 0.1935096153846154 0.15625
0 0.6033653846153846 0.6310096153846154 0.17668269230769232 0.19110576923076922
0 0.3293269230769231 0.6346153846153846 0.18629807692307693 0.24519230769230768
0 0.421875 0.7019230769230769 0.15384615384615385 0.5492788461538461