0 0.5997596153846154 0.32572115384615385 0.0889423076923077 0.15504807692307693
0 0.5036057692307693 0.33413461538461536 0.11298076923076923 0.24519230769230768
0 0.38341346153846156 0.41466346153846156 0.16466346153846154 0.20793269230769232
0 0.5576923076923077 0.5108173076923077 0.13581730769230768 0.18990384615384615
0 0.35697115384615385 0.6069711538461539 0.12259615384615384 0.1622596153846154
0 0.4639423076923077 0.6069711538461539 0.09975961538461539 0.3137019230769231
0 0.6514423076923077 0.7211538461538461 0.13221153846153846 0.28125
0 0.5540865384615384 0.7247596153846154 0.12259615384615384 0.24879807692307693
0 0.35697115384615385 0.7439903846153846 0.10697115384615384 0.15504807692307693
0 0.24759615384615385 0.8112980769230769 0.14182692307692307 0.19831730769230768
0 0.453125 0.8461538461538461 0.109375 0.13822115384615385
0 0.35336538461538464 0.90625 0.12620192307692307 0.17427884615384615