0 0.5721153846153846 0.21394230769230768 0.08052884615384616 0.109375
0 0.6454326923076923 0.2439903846153846 0.09254807692307693 0.15985576923076922
0 0.4543269230769231 0.24759615384615385 0.2536057692307692 0.31490384615384615
0 0.6959134615384616 0.36899038461538464 0.08173076923076923 0.08653846153846154
0 0.8161057692307693 0.39903846153846156 0.12860576923076922 0.140625
0 0.12740384615384615 0.4254807692307692 0.12620192307692307 0.16466346153846154
0 0.0985576923076923 0.5120192307692307 0.13221153846153846 0.15985576923076922
0 0.10216346153846154 0.6370192307692307 0.13581730769230768 0.15504807692307693
0 0.43990384615384615 0.6454326923076923 0.07572115384615384 0.13221153846153846
0 0.2608173076923077 0.6778846153846154 0.16706730769230768 0.24639423076923078
0 0.5096153846153846 0.7548076923076923 0.12620192307692307 0.23317307692307693
0 0.3485576923076923 0.7872596153846154 0.18509615384615385 0.2692307692307692
0 0.47115384615384615 0.8798076923076923 0.15865384615384615 0.23798076923076922