0 0.453125 0.31850961538461536 0.07572115384615384 0.23557692307692307
0 0.3317307692307692 0.31971153846153844 0.06009615384615385 0.19230769230769232
0 0.4014423076923077 0.3245192307692308 0.05889423076923077 0.1201923076923077
0 0.2920673076923077 0.34615384615384615 0.04807692307692308 0.125
0 0.5264423076923077 0.35336538461538464 0.08052884615384616 0.20793269230769232
0 0.5901442307692307 0.40024038461538464 0.08413461538461539 0.12740384615384615
0 0.5060096153846154 0.41466346153846156 0.12860576923076922 0.1622596153846154
0 0.6502403846153846 0.42427884615384615 0.1346153846153846 0.18629807692307693
0 0.7091346153846154 0.5192307692307693 0.06490384615384616 0.17548076923076922
0 0.5949519230769231 0.5649038461538461 0.17067307692307693 0.19471153846153846
0 0.7836538461538461 0.6322115384615384 0.10576923076923077 0.20192307692307693
0 0.6947115384615384 0.65625 0.12980769230769232 0.18389423076923078
0 0.5913461538461539 0.6875 0.11899038461538461 0.1310096153846154
0 0.8004807692307693 0.6995192307692307 0.15144230769230768 0.19591346153846154