0 0.41947115384615385 0.38822115384615385 0.07692307692307693 0.08533653846153846
0 0.43028846153846156 0.4411057692307692 0.07451923076923077 0.11658653846153846
0 0.3701923076923077 0.44471153846153844 0.07211538461538461 0.13341346153846154
0 0.45552884615384615 0.5348557692307693 0.06971153846153846 0.10216346153846154
0 0.40024038461538464 0.5456730769230769 0.08173076923076923 0.11057692307692307
0 0.4855769230769231 0.6165865384615384 0.07692307692307693 0.11057692307692307
0 0.41947115384615385 0.6418269230769231 0.0625 0.10096153846153846
0 0.49759615384615385 0.6887019230769231 0.08052884615384616 0.109375
0 0.43990384615384615 0.7163461538461539 0.06370192307692307 0.06370192307692307
0 0.5264423076923077 0.7644230769230769 0.06971153846153846 0.09375
0 0.4675480769230769 0.7848557692307693 0.0733173076923077 0.10336538461538461