0 0.6310096153846154 0.14543269230769232 0.14182692307692307 0.29086538461538464
0 0.828125 0.1466346153846154 0.11177884615384616 0.2920673076923077
0 0.515625 0.15745192307692307 0.17548076923076922 0.31490384615384615
0 0.9074519230769231 0.1622596153846154 0.07692307692307693 0.19951923076923078
0 0.25841346153846156 0.23197115384615385 0.16826923076923078 0.29086538461538464
0 0.4026442307692308 0.26322115384615385 0.15865384615384615 0.3088942307692308
0 0.5192307692307693 0.28966346153846156 0.19110576923076922 0.35336538461538464
0 0.4362980769230769 0.3545673076923077 0.20072115384615385 0.2692307692307692
0 0.11538461538461539 0.4375 0.12860576923076922 0.3641826923076923
0 0.3425480769230769 0.5084134615384616 0.3389423076923077 0.40024038461538464
0 0.11778846153846154 0.6875 0.23197115384615385 0.41466346153846156
0 0.34134615384615385 0.7415865384615384 0.21153846153846154 0.34615384615384615
0 0.7115384615384616 0.1141826923076923 0.09495192307692307 0.18870192307692307