0 0.13341346153846154 0.26322115384615385 0.2668269230769231 0.23798076923076922
0 0.4362980769230769 0.29927884615384615 0.4855769230769231 0.29086538461538464
0 0.859375 0.3317307692307692 0.2800480769230769 0.17548076923076922
0 0.8149038461538461 0.5144230769230769 0.36538461538461536 0.20192307692307693
0 0.15504807692307693 0.53125 0.3088942307692308 0.22235576923076922
0 0.49278846153846156 0.5733173076923077 0.4495192307692308 0.19591346153846154
0 0.8449519230769231 0.7079326923076923 0.3088942307692308 0.21153846153846154
0 0.12860576923076922 0.7199519230769231 0.25600961538461536 0.24158653846153846
0 0.5108173076923077 0.7704326923076923 0.5793269230769231 0.25240384615384615
0 0.4050480769230769 0.09134615384615384 0.27884615384615385 0.11658653846153846
0 0.7980769230769231 0.16706730769230768 0.36778846153846156 0.11538461538461539