0 0.4963942307692308 0.2704326923076923 0.125 0.09975961538461539
0 0.0889423076923077 0.27163461538461536 0.17307692307692307 0.12860576923076922
0 0.6153846153846154 0.27524038461538464 0.16826923076923078 0.08653846153846154
0 0.40024038461538464 0.2800480769230769 0.125 0.10697115384615384
0 0.78125 0.28966346153846156 0.1310096153846154 0.09735576923076923
0 0.515625 0.3269230769230769 0.296875 0.10216346153846154
0 0.6105769230769231 0.359375 0.25961538461538464 0.11057692307692307
0 0.8942307692307693 0.3942307692307692 0.20673076923076922 0.14903846153846154
0 0.08533653846153846 0.4326923076923077 0.16706730769230768 0.14302884615384615
0 0.6802884615384616 0.4495192307692308 0.25 0.10576923076923077
0 0.4951923076923077 0.45913461538461536 0.20552884615384615 0.12620192307692307