0 0.9266826923076923 0.21875 0.14182692307692307 0.11057692307692307
0 0.47716346153846156 0.24759615384615385 0.17668269230769232 0.15625
0 0.7055288461538461 0.27524038461538464 0.1502403846153846 0.15745192307692307
0 0.2548076923076923 0.3425480769230769 0.2980769230769231 0.27884615384615385
0 0.59375 0.34375 0.17908653846153846 0.23197115384615385
0 0.4110576923076923 0.4266826923076923 0.2644230769230769 0.1935096153846154
0 0.7451923076923077 0.49158653846153844 0.1658653846153846 0.2704326923076923
0 0.46634615384615385 0.6334134615384616 0.24759615384615385 0.2776442307692308
0 0.7524038461538461 0.7283653846153846 0.23076923076923078 0.18028846153846154
0 0.5504807692307693 0.7908653846153846 0.203125 0.34975961538461536
0 0.5985576923076923 0.17307692307692307 0.17427884615384615 0.171875